Angle: 0 deg
[[ 311  967  750]
 [ 672 2181 1531]
 [ 335  947  760]]
Angle: 1 deg
[[ 329  981  786]
 [ 631 2147 1542]
 [ 331 1014  741]]
Angle: 2 deg
[[ 339  955  765]
 [ 649 2165 1547]
 [ 327  975  746]]
Angle: 3 deg
[[ 329 1003  697]
 [ 657 2153 1558]
 [ 354 1003  712]]
Angle: 4 deg
[[ 311  957  718]
 [ 671 2173 1541]
 [ 346 1007  777]]
Angle: 5 deg
[[ 330  926  730]
 [ 638 2187 1558]
 [ 340 1000  726]]
Angle: 6 deg
[[ 304  970  716]
 [ 669 2163 1547]
 [ 346 1006  739]]
Angle: 7 deg
[[ 322  887  758]
 [ 665 2138 1557]
 [ 367 1015  763]]
Angle: 8 deg
[[ 336  896  729]
 [ 622 2163 1506]
 [ 356 1018  799]]
Angle: 9 deg
[[ 309  891  695]
 [ 666 2216 1505]
 [ 335 1046  765]]
Angle: 10 deg
[[ 308  872  717]
 [ 668 2160 1592]
 [ 340 1002  767]]
Angle: 11 deg
[[ 295  913  659]
 [ 654 2159 1553]
 [ 373 1033  783]]
Angle: 12 deg
[[ 308  832  721]
 [ 641 2181 1526]
 [ 339 1086  819]]
Angle: 13 deg
[[ 311  948  644]
 [ 624 2125 1537]
 [ 378 1124  773]]
Angle: 14 deg
[[ 291  878  694]
 [ 702 2102 1566]
 [ 361 1082  780]]
Angle: 15 deg
[[ 294  859  668]
 [ 676 2152 1533]
 [ 378 1097  804]]
Angle: 16 deg
[[ 307  897  641]
 [ 696 2099 1549]
 [ 368 1137  769]]
Angle: 17 deg
[[ 309  880  668]
 [ 703 2120 1520]
 [ 376 1066  813]]
Angle: 18 deg
[[ 302  832  612]
 [ 644 2188 1551]
 [ 351 1124  808]]
Angle: 19 deg
[[ 326  859  600]
 [ 647 2148 1568]
 [ 394 1094  801]]
Angle: 20 deg
[[ 309  866  636]
 [ 648 2133 1506]
 [ 398 1132  838]]
Angle: 21 deg
[[ 302  870  629]
 [ 659 2172 1453]
 [ 378 1128  821]]
Angle: 22 deg
[[ 288  857  612]
 [ 671 2174 1498]
 [ 393 1154  801]]
Angle: 23 deg
[[ 275  832  592]
 [ 673 2182 1498]
 [ 375 1184  820]]
Angle: 24 deg
[[ 285  806  569]
 [ 642 2195 1517]
 [ 403 1144  856]]
Angle: 25 deg
[[ 296  824  578]
 [ 688 2109 1435]
 [ 386 1182  905]]
Angle: 26 deg
[[ 306  813  602]
 [ 717 2132 1489]
 [ 383 1153  863]]
Angle: 27 deg
[[ 279  802  580]
 [ 679 2195 1465]
 [ 406 1194  874]]
Angle: 28 deg
[[ 304  796  530]
 [ 721 2159 1464]
 [ 406 1185  844]]
Angle: 29 deg
[[ 310  797  548]
 [ 667 2117 1522]
 [ 403 1217  882]]
Angle: 30 deg
[[ 313  782  562]
 [ 670 2102 1542]
 [ 411 1216  827]]
Angle: 31 deg
[[ 290  801  541]
 [ 722 2144 1481]
 [ 386 1238  861]]
Angle: 32 deg
[[ 306  797  555]
 [ 693 2144 1407]
 [ 441 1249  834]]
Angle: 33 deg
[[ 283  765  546]
 [ 719 2168 1426]
 [ 413 1220  891]]
Angle: 34 deg
[[ 308  746  531]
 [ 719 2151 1473]
 [ 413 1275  826]]
Angle: 35 deg
[[ 315  752  544]
 [ 718 2171 1419]
 [ 436 1214  866]]
Angle: 36 deg
[[ 278  756  524]
 [ 725 2148 1436]
 [ 412 1289  898]]
Angle: 37 deg
[[ 303  749  489]
 [ 721 2204 1427]
 [ 424 1258  861]]
Angle: 38 deg
[[ 293  777  525]
 [ 679 2167 1356]
 [ 453 1284  893]]
Angle: 39 deg
[[ 302  726  514]
 [ 713 2172 1393]
 [ 454 1288  870]]
Angle: 40 deg
[[ 266  724  510]
 [ 700 2158 1444]
 [ 463 1300  878]]
Angle: 41 deg
[[ 306  720  488]
 [ 731 2175 1387]
 [ 431 1345  860]]
Angle: 42 deg
[[ 283  733  480]
 [ 714 2206 1378]
 [ 438 1307  908]]
Angle: 43 deg
[[ 282  727  490]
 [ 711 2150 1396]
 [ 486 1281  900]]
Angle: 44 deg
[[ 292  724  462]
 [ 715 2139 1412]
 [ 484 1335  885]]
Angle: 45 deg
[[ 285  733  491]
 [ 739 2146 1335]
 [ 490 1348  887]]
