Angle: 0 deg
[[  12   83  160  138   43]
 [  51  342  962  769  205]
 [  76  606 1795 1385  341]
 [  40  380  915  746  203]
 [  20   56  180  167   47]]
Angle: 1 deg
[[  11   73  165  133   48]
 [  54  367  916  739  210]
 [  75  588 1777 1420  366]
 [  54  334  960  768  191]
 [  12   92  170  159   50]]
Angle: 2 deg
[[  17   77  173  139   47]
 [  60  349  878  723  208]
 [  78  576 1852 1431  355]
 [  49  350  924  736  198]
 [  13   93  175  181   55]]
Angle: 3 deg
[[  17   71  159  128   42]
 [  48  335  918  783  211]
 [  77  620 1767 1426  355]
 [  46  355  941  725  202]
 [  20   87  177  181   50]]
Angle: 4 deg
[[  10   68  158  149   39]
 [  58  359  913  745  201]
 [  70  591 1769 1408  343]
 [  57  366  919  809  197]
 [  14   95  170  174   52]]
Angle: 5 deg
[[  20   57  154  145   47]
 [  66  346  852  722  217]
 [  70  582 1758 1461  336]
 [  59  366  939  781  211]
 [  17   86  196  190   45]]
Angle: 6 deg
[[  14   62  161  138   48]
 [  44  376  854  699  212]
 [  67  606 1812 1365  369]
 [  53  381  973  761  218]
 [  19   77  195  178   47]]
Angle: 7 deg
[[  11   66  115  143   27]
 [  50  344  877  715  200]
 [  69  622 1831 1425  333]
 [  69  369  948  753  209]
 [  15   74  199  198   52]]
Angle: 8 deg
[[  13   67  136  132   41]
 [  48  361  899  722  207]
 [  75  621 1737 1397  331]
 [  58  380  987  788  195]
 [  20   85  206  159   57]]
Angle: 9 deg
[[   9   67  142  123   47]
 [  54  328  841  731  178]
 [  69  609 1800 1421  349]
 [  59  398  985  792  189]
 [  18   83  209  169   63]]
Angle: 10 deg
[[  10   66  146  119   41]
 [  47  332  879  679  211]
 [  82  578 1801 1363  368]
 [  57  388 1027  775  216]
 [  21   86  207  184   48]]
Angle: 11 deg
[[  13   62  140  124   42]
 [  45  317  852  726  168]
 [  76  625 1746 1426  368]
 [  57  383 1007  763  215]
 [  17   85  220  177   53]]
Angle: 12 deg
[[  10   57  143  112   39]
 [  52  343  829  707  168]
 [  77  614 1792 1404  347]
 [  63  384 1012  807  205]
 [  23   78  213  183   58]]
Angle: 13 deg
[[  10   58  153  119   43]
 [  52  347  793  675  196]
 [  80  601 1790 1382  361]
 [  63  381 1064  776  221]
 [  20   89  218  190   62]]
Angle: 14 deg
[[  19   57  140  121   41]
 [  46  310  835  668  189]
 [  76  592 1845 1383  355]
 [  59  395 1035  798  200]
 [  24   90  211  189   53]]
Angle: 15 deg
[[  13   62  158  131   37]
 [  48  334  806  660  180]
 [  82  575 1781 1433  356]
 [  59  396 1019  823  201]
 [  20   88  220  184   55]]
Angle: 16 deg
[[  15   52  134  113   40]
 [  51  339  793  654  200]
 [  77  616 1786 1410  349]
 [  62  386 1040  805  222]
 [  19   91  225  187   54]]
Angle: 17 deg
[[  14   58  159   92   45]
 [  41  307  776  684  175]
 [  87  601 1855 1395  344]
 [  67  383 1010  795  225]
 [  18   96  239  196   64]]
Angle: 18 deg
[[  13   57  109  113   40]
 [  49  331  809  670  185]
 [  70  610 1787 1420  336]
 [  67  406 1040  787  218]
 [  20   88  243  193   56]]
Angle: 19 deg
[[  18   60  127  110   42]
 [  45  317  776  668  177]
 [  82  609 1811 1383  350]
 [  67  411 1064  827  208]
 [  18   90  241  182   53]]
Angle: 20 deg
[[  14   66  141  105   46]
 [  44  324  772  646  203]
 [  84  613 1809 1355  344]
 [  59  387 1062  833  237]
 [  27   99  226  191   57]]
Angle: 21 deg
[[  14   49  127   87   46]
 [  44  328  769  659  167]
 [  80  635 1869 1363  327]
 [  73  398 1061  838  226]
 [  21   93  237  173   61]]
Angle: 22 deg
[[  16   62  129   98   33]
 [  39  331  793  623  162]
 [  78  602 1786 1392  343]
 [  61  457 1077  798  228]
 [  29   89  258  182   57]]
Angle: 23 deg
[[  17   54  140   98   32]
 [  53  308  811  631  173]
 [  94  591 1778 1372  348]
 [  65  466 1026  851  220]
 [  16   94  265  187   54]]
Angle: 24 deg
[[  18   51  124   90   36]
 [  41  334  744  661  168]
 [  72  632 1791 1398  329]
 [  79  425 1073  818  231]
 [  20   98  246  204   56]]
Angle: 25 deg
[[  17   59  123   97   39]
 [  47  313  779  618  178]
 [  92  612 1812 1372  327]
 [  78  400 1120  834  196]
 [  23   90  263  188   63]]
Angle: 26 deg
[[  13   71  119  105   32]
 [  42  289  768  593  161]
 [ 102  622 1766 1423  324]
 [  71  410 1102  858  213]
 [  17  108  265  181   64]]
Angle: 27 deg
[[  18   66  117  113   23]
 [  44  314  737  569  162]
 [  78  644 1818 1365  333]
 [  82  408 1138  851  217]
 [  22   96  272  193   56]]
Angle: 28 deg
[[  19   54  103  103   41]
 [  43  323  740  616  165]
 [  84  623 1824 1295  311]
 [  78  449 1104  878  226]
 [  15  126  273  188   67]]
Angle: 29 deg
[[  20   54  119  108   32]
 [  30  332  711  608  147]
 [  83  647 1820 1370  318]
 [  81  447 1111  823  209]
 [  19  104  284  175   68]]
Angle: 30 deg
[[  18   61  109   89   42]
 [  40  290  735  595  154]
 [  91  645 1768 1401  331]
 [  80  475 1134  835  222]
 [  20  117  248  184   54]]
Angle: 31 deg
[[  18   63  117  103   33]
 [  45  307  746  574  158]
 [  98  612 1735 1339  322]
 [  78  454 1153  885  212]
 [  24  120  288  211   59]]
Angle: 32 deg
[[  15   49  105  105   31]
 [  47  315  774  539  157]
 [  74  599 1813 1338  303]
 [  96  430 1188  850  227]
 [  16  125  277  202   66]]
Angle: 33 deg
[[  12   52  114   92   24]
 [  44  302  747  581  160]
 [  89  648 1786 1327  334]
 [  67  470 1165  848  219]
 [  17  125  248  197   65]]
Angle: 34 deg
[[  15   66  115   85   24]
 [  45  331  707  559  142]
 [  94  654 1759 1327  310]
 [  77  469 1209  862  224]
 [  16  124  265  178   61]]
Angle: 35 deg
[[  16   47   99   94   35]
 [  56  313  743  568  132]
 [  78  627 1820 1322  323]
 [  88  475 1140  860  238]
 [  27  140  260  191   66]]
Angle: 36 deg
[[  15   52  113   82   27]
 [  51  302  705  578  125]
 [ 100  660 1807 1336  299]
 [  74  470 1176  835  242]
 [  18  132  255  217   63]]
Angle: 37 deg
[[  19   55  121   86   26]
 [  36  289  682  566  169]
 [ 105  650 1825 1287  276]
 [  74  490 1190  900  224]
 [  22  133  267  190   60]]
Angle: 38 deg
[[  16   59   98   78   29]
 [  50  303  727  538  154]
 [  88  658 1790 1285  316]
 [  82  479 1195  887  215]
 [  24  131  253  216   55]]
Angle: 39 deg
[[  19   47   99  105   26]
 [  57  290  679  518  154]
 [ 105  699 1734 1289  304]
 [  83  474 1203  914  213]
 [  27  133  296  191   71]]
Angle: 40 deg
[[  15   55   99  103   15]
 [  47  285  672  530  144]
 [  91  622 1833 1323  285]
 [  78  517 1172  877  224]
 [  26  151  278  199   65]]
Angle: 41 deg
[[  17   52  107  100   17]
 [  44  279  707  514  139]
 [ 111  652 1803 1255  296]
 [  72  498 1225  889  243]
 [  21  136  275  200   58]]
Angle: 42 deg
[[  15   55  106   65   21]
 [  38  293  700  574  133]
 [ 107  698 1747 1283  255]
 [  87  514 1248  869  214]
 [  23  132  286  198   71]]
Angle: 43 deg
[[  14   55  109   94   19]
 [  41  299  687  509  141]
 [ 106  692 1836 1224  277]
 [  80  503 1190  913  206]
 [  18  145  303  209   55]]
Angle: 44 deg
[[  18   46  115   69   20]
 [  42  278  718  538  113]
 [ 110  692 1768 1247  287]
 [  86  502 1258  886  218]
 [  29  156  271  197   63]]
Angle: 45 deg
[[  12   53  109   77   21]
 [  56  255  687  513  130]
 [ 103  675 1811 1243  273]
 [  92  527 1237  901  222]
 [  26  148  291  213   62]]
