Angle: 0 deg
[[   0    5    7   16   17    4    0]
 [   2   11   62  171  164   47    9]
 [   8   60  353  934  752  212   32]
 [  15   81  621 1792 1363  355   43]
 [   6   37  358  922  737  204   29]
 [   3   17   72  178  170   56    7]
 [   1    0   11   12   12    9    2]]
Angle: 1 deg
[[   1    4    9   17   20    9    0]
 [   3   13   64  195  136   48    7]
 [   7   42  350  896  738  199   28]
 [   9   78  627 1748 1433  359   47]
 [  12   43  363  931  772  193   28]
 [   1   15   81  177  165   46    8]
 [   1    1   11   12   20    9    2]]
Angle: 2 deg
[[   0    2    9   11   23    2    2]
 [   2   13   70  156  145   43    6]
 [   5   55  345  918  726  215   30]
 [  11   72  597 1833 1426  347   40]
 [   6   58  349  964  725  185   26]
 [   2   12   80  172  179   53    6]
 [   0    4   10   17   11    9    3]]
Angle: 3 deg
[[   0    0    9    8   22    6    3]
 [   2   11   66  158  140   38    6]
 [   7   53  364  883  741  203   38]
 [   9   72  601 1801 1418  343   50]
 [   6   56  349  925  794  187   31]
 [   2   17   80  188  171   46    4]
 [   0    3    9   17   20   12    3]]
Angle: 4 deg
[[   1    3    5   12   16    6    1]
 [   1   14   67  158  122   37    4]
 [  12   48  372  918  762  215   30]
 [   9   73  588 1727 1443  333   51]
 [  10   56  371  931  759  215   26]
 [   3   13   84  190  192   45    5]
 [   1    2    6   14   20    7    4]]
Angle: 5 deg
[[   1    3    7   14   12    7    1]
 [   1   12   67  161  139   44   12]
 [   9   54  348  881  678  207   24]
 [  15   71  616 1778 1472  338   44]
 [   4   49  376  991  760  188   27]
 [   0   20   74  201  160   47   10]
 [   0    4   11   14   19    9    2]]
Angle: 6 deg
[[   0    2   12   20   10    4    1]
 [   2   17   61  165  135   52    5]
 [  10   45  347  895  700  222   25]
 [  10   78  605 1801 1384  355   41]
 [   7   52  363  974  747  204   33]
 [   3   15   78  199  186   45   10]
 [   0    2    9   15   21    9    2]]
Angle: 7 deg
[[   1    2    7   12   17    5    1]
 [   2   10   68  151  130   47    4]
 [  17   56  340  881  717  210   27]
 [   9   80  582 1790 1434  327   49]
 [   6   63  369  944  767  207   38]
 [   2   12   91  197  191   44    7]
 [   0    3    9   18   19   12    4]]
Angle: 8 deg
[[   1    0    9   14   12    8    0]
 [   0   15   69  139  133   41   12]
 [   6   58  362  864  701  200   30]
 [  10   79  570 1851 1364  337   47]
 [   5   51  363 1003  757  227   31]
 [   3   26   85  207  166   54    5]
 [   0    1   12   18   16   12    0]]
Angle: 9 deg
[[   0    2    8   13   15    5    0]
 [   3   19   52  144  131   39   13]
 [  11   48  340  904  679  217   25]
 [   8   79  566 1824 1440  351   43]
 [   5   64  389  943  758  211   22]
 [   3   14   81  222  161   55    8]
 [   0    2    6   23   23   11    1]]
Angle: 10 deg
[[   0    0   11   14   15    5    1]
 [   4   16   54  145  134   38    9]
 [  11   45  329  880  684  193   27]
 [   9   89  591 1843 1357  360   50]
 [   7   60  374 1000  766  220   30]
 [   2   19   80  228  167   50    5]
 [   0    2    7   15   21   11    2]]
Angle: 11 deg
[[   1    1    6   17   18    7    0]
 [   3   13   60  140  107   33    7]
 [   6   46  368  830  720  201   27]
 [  15   62  595 1829 1380  356   53]
 [   4   62  402  988  762  200   24]
 [   2   23   84  232  177   58    6]
 [   0    2    9   16   20    7    1]]
Angle: 12 deg
[[   1    1    8   13   13   10    1]
 [   2   10   60  145  122   40    2]
 [  10   38  354  819  692  187   23]
 [   9   79  619 1792 1459  348   42]
 [   5   56  392  964  788  208   24]
 [   3   19   96  211  184   61    4]
 [   0    2    8   20   21    6    1]]
Angle: 13 deg
[[   1    1   11   12   12   10    0]
 [   0   16   52  144  126   49    5]
 [  10   43  355  806  672  189   24]
 [   5   77  594 1765 1427  356   41]
 [   8   63  379 1058  786  200   25]
 [   2   13  104  220  177   64   15]
 [   0    1    9   15   21   12    1]]
Angle: 14 deg
[[   0    2    4   12   10    8    1]
 [   0   19   56  134  110   41    4]
 [  10   58  352  856  660  196   23]
 [   4   74  568 1765 1402  349   42]
 [   7   57  375 1067  798  218   29]
 [   2   27   96  224  166   69   12]
 [   0    0    9   27   23    8    2]]
Angle: 15 deg
[[   0    1    3   14   13    5    1]
 [   1    9   64  144  104   44    8]
 [  12   47  324  850  689  178   29]
 [   9   87  591 1744 1380  360   43]
 [   6   61  400 1025  807  223   32]
 [   4   22   92  222  205   53    8]
 [   0    6    9   16   20   11    0]]
Angle: 16 deg
[[   0    1    6   11   10   10    0]
 [   2   17   56  140  106   42    4]
 [   8   41  306  831  677  184   25]
 [  12   67  625 1795 1395  351   38]
 [   6   68  392 1056  798  221   35]
 [   4   25   88  224  156   67   11]
 [   0    0   11   24   25    7    1]]
Angle: 17 deg
[[   1    1    2   16   10    4    0]
 [   3   10   58  139  118   26    7]
 [  12   55  320  801  674  176   29]
 [   8   72  631 1813 1383  339   51]
 [   9   69  380 1092  790  188   28]
 [   1   22   95  252  164   58   10]
 [   1    1    7   16   26    6    1]]
Angle: 18 deg
[[   0    1    3   15   12    9    0]
 [   0   20   55  130  116   39    6]
 [  10   51  322  806  667  178   27]
 [   4   77  622 1765 1346  341   45]
 [   7   78  407 1060  837  220   39]
 [   2   15   94  232  197   45    7]
 [   0    3    9   22   22    7    2]]
Angle: 19 deg
[[   0    3    5   20    7    6    0]
 [   0   14   47  144   98   45    5]
 [  11   46  329  775  640  190   25]
 [   9   90  636 1810 1396  363   31]
 [   6   56  385 1077  804  212   33]
 [   2   15   90  249  172   52   12]
 [   0    2   12   19   19   10    1]]
Angle: 20 deg
[[   0    3    5   14   15    5    0]
 [   3   13   61  117  107   40    5]
 [   9   54  330  814  661  163   29]
 [  11   82  612 1799 1400  345   36]
 [   6   64  401 1062  812  199   33]
 [   2   18  102  218  194   52   15]
 [   0    2    8   25   27    4    2]]
Angle: 21 deg
[[   0    2    6   11    6    8    1]
 [   1   14   60  132  106   37    4]
 [   9   44  339  740  627  168   30]
 [  10   86  595 1825 1407  337   43]
 [   7   65  448 1056  815  219   38]
 [   2   24   93  240  191   60   12]
 [   0    3    4   26   18    7    0]]
Angle: 22 deg
[[   0    1    3   10    8   11    0]
 [   3   14   75  113   98   35    6]
 [   6   55  306  773  643  150   27]
 [   9   96  600 1833 1377  360   37]
 [   7   70  400 1098  826  208   34]
 [   0   14   97  241  181   64   10]
 [   1    1    9   27   28   12    0]]
Angle: 23 deg
[[   0    2    2   13   10    8    1]
 [   4   12   59  129  110   35    6]
 [   7   42  311  744  639  152   31]
 [   9   86  620 1793 1416  313   42]
 [   4   65  423 1089  862  216   29]
 [   5   21  100  237  184   60   12]
 [   0    3   11   27   25    7    0]]
Angle: 24 deg
[[   0    2    5   11   15    5    4]
 [   1   17   53  119  114   35    4]
 [   7   34  307  801  594  180   28]
 [  14   96  591 1786 1381  328   22]
 [   3   76  424 1086  851  224   33]
 [   5   22  102  262  185   73   13]
 [   0    0   11   22   28    4    1]]
Angle: 25 deg
[[   0    2    4    5   14    7    0]
 [   4   16   58  120   99   36    5]
 [  10   43  296  815  624  151   22]
 [   9   86  631 1775 1332  338   49]
 [   5   70  436 1072  858  224   34]
 [   1   22  116  257  182   72   15]
 [   0    3    9   24   21    6    3]]
Angle: 26 deg
[[   0    0    3   16   11    5    0]
 [   5   12   52  125   80   31    7]
 [   3   48  323  764  615  157   22]
 [  10   96  620 1801 1369  343   44]
 [   3   89  409 1103  855  218   32]
 [   2   13  106  257  178   71   13]
 [   1    5   10   25   22    7    1]]
Angle: 27 deg
[[   0    0    6   11   11    5    0]
 [   3   19   63  131  106   38    7]
 [   8   43  309  742  613  151   14]
 [   9   92  628 1769 1386  334   42]
 [   8   70  422 1131  860  209   37]
 [   2   14   99  244  198   56    7]
 [   0    5    7   38   18    8    3]]
Angle: 28 deg
[[   0    2    3    9   12    2    0]
 [   2   16   57  121   92   37    5]
 [   5   47  323  762  572  153   25]
 [   6   86  654 1783 1336  338   29]
 [   8   76  414 1135  855  237   37]
 [   2   16  113  281  186   65    8]
 [   0    2    7   33   18    4    2]]
Angle: 29 deg
[[   0    3    4   14   11    3    1]
 [   4   14   60  106   98   40    9]
 [   7   50  287  728  588  144   20]
 [   9   95  637 1816 1359  338   41]
 [   6   65  428 1175  806  237   31]
 [   3   24  105  273  184   74    8]
 [   0    4    9   27   22   10    3]]
Angle: 30 deg
[[   0    1    6    7   11    5    0]
 [   6   16   52  104  102   28   11]
 [   5   47  302  755  579  159   20]
 [   7   98  606 1832 1321  327   46]
 [   5   81  453 1163  867  201   32]
 [   2   12  104  263  176   72    9]
 [   1    5   12   34   26    8    2]]
Angle: 31 deg
[[   0    2    5    8   11    1    1]
 [   4   18   47  114   85   37    6]
 [   5   41  306  760  559  145   24]
 [  12   95  643 1848 1333  317   31]
 [   5   70  436 1112  877  226   32]
 [   0   22  116  263  200   65   11]
 [   0    3   16   30   22    9    3]]
Angle: 32 deg
[[   0    3    5   11   10    4    0]
 [   6   16   43  119   86   34    8]
 [   7   45  319  721  573  147   20]
 [  11   84  676 1750 1340  318   33]
 [   7   62  451 1155  891  229   30]
 [   1   17  120  278  204   55   15]
 [   1    3   16   24   18   11    2]]
Angle: 33 deg
[[   1    2    2   10   10    4    1]
 [   6   13   58   92  102   25    6]
 [   2   46  315  718  587  145   18]
 [  12   96  679 1770 1306  328   36]
 [   6   74  481 1120  878  209   31]
 [   4   23  106  295  205   64   16]
 [   2    3   10   30   25    4    3]]
Angle: 34 deg
[[   0    2    2    7   12    3    0]
 [   6   20   45  115   90   30    7]
 [   6   51  291  726  569  142   20]
 [   7   97  660 1751 1342  293   37]
 [   7   80  470 1174  883  224   28]
 [   1   23  129  269  206   67   10]
 [   1    2   12   32   18    7    5]]
Angle: 35 deg
[[   1    2    4    5   10    2    1]
 [   4   14   50  117   98   25    8]
 [   4   43  307  712  584  153   20]
 [  10   84  691 1769 1302  297   41]
 [   4   79  464 1175  894  219   28]
 [   3   29  134  254  193   57   16]
 [   1    3   13   29   20    8    1]]
Angle: 36 deg
[[   0    2    6    9   10    3    1]
 [   5   11   57   98   95   32   10]
 [   6   45  303  735  510  132   14]
 [   5  112  619 1790 1383  322   43]
 [  11   75  462 1229  845  225   33]
 [   1   19  128  261  182   57    9]
 [   2    1   12   36   22    7    5]]
Angle: 37 deg
[[   0    2    4    5    8    4    0]
 [   5   16   55  104   99   27   13]
 [   9   34  278  708  540  145   22]
 [   8  110  708 1800 1307  304   37]
 [   7   77  451 1175  853  234   27]
 [   5   20  139  288  197   60   10]
 [   1    3   17   28   27   11    0]]
Angle: 38 deg
[[   0    1    8    4   14    6    0]
 [   3   16   51  110   82   18    9]
 [   8   46  294  739  551  149   17]
 [  10   89  652 1792 1219  328   45]
 [   6   72  492 1169  931  216   31]
 [   4   17  143  283  197   64   10]
 [   1    3   19   31   18   14    3]]
Angle: 39 deg
[[   1    1    7    5    7    3    1]
 [   2   19   61  118   97   26    3]
 [   3   48  283  708  515  137   24]
 [  14  104  641 1834 1328  299   36]
 [   7   71  477 1187  867  207   20]
 [   5   19  149  284  186   67   14]
 [   1    6   18   32   26   11    1]]
Angle: 40 deg
[[   1    3    7    3   12    4    0]
 [   1   10   64   91   82   22    5]
 [   4   54  300  715  490  151   21]
 [  13   98  674 1753 1322  305   35]
 [   5   72  513 1209  869  219   30]
 [   3   25  139  281  206   56   14]
 [   2    3   17   32   27   14    2]]
Angle: 41 deg
[[   0    4    6    4    9    2    0]
 [   3   18   50   98   82   32    7]
 [   6   48  301  702  511  128   13]
 [   8  103  663 1847 1278  294   37]
 [  11   83  505 1168  898  232   27]
 [   1   22  130  276  199   67   14]
 [   1    4   16   36   19   11    3]]
Angle: 42 deg
[[   1    2    7    7   14    5    0]
 [   2   12   54  119   81   17    9]
 [   7   42  309  675  498  121   23]
 [  10  105  679 1845 1316  292   35]
 [   6   79  489 1175  846  235   28]
 [   2   28  151  294  197   61   10]
 [   1    4   14   31   27   10    2]]
Angle: 43 deg
[[   2    4    9    9   10    6    0]
 [   1   11   48   93   81   25   10]
 [   8   46  286  708  508  126   19]
 [   9  102  695 1820 1238  311   24]
 [   5   81  506 1229  868  221   24]
 [   4   25  136  307  199   61   14]
 [   1    3   15   34   22   13    2]]
Angle: 44 deg
[[   1    1    8    7    7    6    0]
 [   2   13   44  101   69   31    6]
 [   8   49  306  698  516  142   19]
 [  10  105  667 1799 1254  265   39]
 [  10   79  517 1232  894  228   27]
 [   2   26  155  259  202   68   13]
 [   2    2   21   32   23   12    1]]
Angle: 45 deg
[[   1    2    5    7    8    2    0]
 [   3   14   49  113   77   23    4]
 [   7   48  288  713  503  139   20]
 [  10  111  696 1796 1238  259   33]
 [   7   84  496 1230  906  228   23]
 [   1   23  151  274  216   68   11]
 [   3    4   16   34   25   11    2]]
